mjd flux flux_err band
60382.4081 -256.80377197265625 10.495562553405762 r
60385.3852 120.6871337890625 10.222175598144531 r
60385.4085 130.6204376220703 13.114543914794922 i
60394.3525 -181.8948211669922 25.701013565063477 Y
60404.4135 72.81333923339844 9.756580352783203 r
60413.3949 179.69857788085938 10.01616096496582 r
60415.3231 132.54412841796875 12.149693489074707 i
60415.3401 134.9074249267578 15.945752143859863 z
60420.2489 110.491943359375 16.072351455688477 z
60420.2659 63.0355110168457 26.545028686523438 Y
60420.3106 100.92501831054688 16.77375602722168 z
60420.3272 78.63792419433594 27.877161026000977 Y
60420.3433 62.75010681152344 6.6827216148376465 g
60420.3596 139.2766876220703 9.931015014648438 r
60423.3492 86.488037109375 24.82016372680664 Y
60432.2748 57.5421257019043 6.525264263153076 g
60432.2918 143.2996368408203 9.53791618347168 r
60432.3438 141.6604766845703 12.33895206451416 i
60432.3599 140.93971252441406 17.83848762512207 z
60445.2835 40.58513259887695 6.34111213684082 g
60445.3019 109.7258529663086 7.007436275482178 r
60445.3205 119.54429626464844 11.877832412719727 i
60446.247 61.59473419189453 6.523792266845703 g
60446.2636 114.45716857910156 9.890650749206543 r
60446.313 103.0262222290039 12.728448867797852 i
60446.3292 40.64555740356445 17.318038940429688 z
60460.1393 105.03809356689453 10.383904457092285 r
60460.1562 127.79934692382812 14.07832145690918 i
60460.2095 26.609268188476562 7.9738287925720215 g
60460.2262 -74.15415954589844 12.507866859436035 r
60462.2773 4.436385154724121 11.594257354736328 u
60462.2936 52.342185974121094 7.327638626098633 g
60463.2428 -2.5229697227478027 7.282691955566406 u
60463.259 42.55155944824219 7.015514373779297 g
60484.16 -97.3618392944336 20.128829956054688 Y
60486.1777 87.83832550048828 28.650127410888672 z
60486.1942 64.91392517089844 47.89337921142578 Y
60492.1466 -1.9455146789550781 10.42022705078125 u
60492.1634 72.00957489013672 10.641556739807129 r
60493.1168 12.796429634094238 9.372358322143555 u
60493.1331 139.66644287109375 10.084695816040039 r
60497.0506 136.7206573486328 11.743111610412598 r
60497.0676 -6.538089275360107 11.676363945007324 u
60499.1154 1.3661545515060425 6.834255218505859 u
60499.1319 -268.607666015625 6.983295917510986 r
60513.9822 163.70947265625 13.49990463256836 i
60514.0118 163.18264770507812 14.839734077453613 z
60514.0411 38.27081298828125 27.622711181640625 Y
60514.1423 104.89002227783203 16.31397819519043 i
60514.1585 58.67241287231445 25.990768432617188 z
60529.0311 68.58283996582031 7.036618232727051 g
60529.0531 142.73753356933594 7.563417434692383 r
60529.0741 142.27920532226562 14.107930183410645 i
60531.9835 86.08531188964844 12.083687782287598 i
60540.0989 48.385765075683594 27.447275161743164 Y
60542.0598 122.933837890625 25.576526641845703 z
60542.076 33.21757888793945 40.337982177734375 Y
60544.0837 144.27685546875 16.921606063842773 i
60565.979 144.70315551757812 12.757608413696289 z
60566.9879 -267.01983642578125 20.361392974853516 z
60736.3905 119.76443481445312 8.338808059692383 i
60747.4017 44.94208908081055 19.23410415649414 Y
60749.3682 131.8933868408203 20.137418746948242 z
60749.3859 22.967134475708008 31.00325584411621 Y
60751.3904 137.57003784179688 20.456201553344727 z
60757.3432 87.61271667480469 10.11476993560791 r
60757.3716 88.63870239257812 7.0156683921813965 i
60760.3732 -322.25592041015625 10.081361770629883 r
60760.3914 -358.5263671875 12.486008644104004 i
60762.3353 -263.15350341796875 7.1905436515808105 r
60762.3522 -92.7512435913086 8.613100051879883 i
60762.4097 94.710693359375 11.352235794067383 r
60769.4177 117.78265380859375 18.990083694458008 z
60770.3129 54.49210739135742 6.542524814605713 g
60770.3297 84.38270568847656 9.63736343383789 r
60774.2884 -7.241169452667236 12.903605461120605 i
60774.3133 54.8966064453125 10.674379348754883 z
60774.3385 20.76991081237793 24.085447311401367 Y
60774.3582 63.80074691772461 6.643857955932617 g
60774.3743 103.60967254638672 9.913715362548828 r
60775.3416 81.32176971435547 12.176486015319824 i
60775.358 62.693824768066406 15.774613380432129 z
60775.408 -199.83624267578125 9.401007652282715 r
60776.3121 146.53347778320312 14.803566932678223 i
60776.3284 126.76010131835938 17.277318954467773 z
60779.3342 36.95696258544922 15.10358715057373 Y
60789.3765 43.708030700683594 6.464363098144531 g
60789.3905 105.3833999633789 9.844198226928711 r
60790.3884 80.99694061279297 7.2065510749816895 r
60790.4061 59.54651641845703 8.84693717956543 i
60791.3447 51.6925163269043 6.621578693389893 g
60791.3616 133.96102905273438 10.203339576721191 r
60801.2396 -326.3353271484375 16.453048706054688 z
60801.2565 -56.22323989868164 22.480627059936523 Y
60801.3129 93.67028045654297 9.933849334716797 r
60801.3292 122.72840118408203 11.841398239135742 i
60803.235 83.44361877441406 12.893584251403809 i
60803.259 112.56078338623047 10.980056762695312 z
60803.2829 40.495269775390625 23.093204498291016 Y
60803.3716 169.92161560058594 10.452503204345703 r
60803.3877 156.93714904785156 12.535577774047852 i
60805.2366 147.60690307617188 18.16110610961914 z
60805.2731 55.50584411621094 18.251184463500977 Y
60806.2183 66.41687774658203 15.948199272155762 i
60806.2347 -274.1321716308594 17.915687561035156 z
60814.3001 -57.42042541503906 13.409820556640625 i
60814.3163 -298.15118408203125 16.55217170715332 z
60816.2194 37.506080627441406 6.597194194793701 g
60816.2432 -62.7217903137207 6.830007076263428 r
60816.2669 -335.1358337402344 11.355629920959473 i
60822.2394 153.1065216064453 11.739984512329102 r
60822.2557 -1.3006802797317505 10.311982154846191 u
60824.1776 7.424100399017334 8.708792686462402 u
60824.1946 60.29825210571289 6.870457172393799 g
60824.2707 -1.5141445398330688 9.587581634521484 u
60824.2873 26.03278923034668 7.502655029296875 g
60831.1712 124.16612243652344 16.75298500061035 z
60831.1883 27.363157272338867 26.75287628173828 Y
60850.1446 -11.150547981262207 9.025839805603027 u
60850.1618 -260.3042907714844 9.338017463684082 r
60850.2339 29.699398040771484 7.0537567138671875 g
60850.2502 81.15258026123047 10.477758407592773 r
60869.2111 136.05447387695312 29.80765724182129 z
60869.2272 82.07414245605469 58.556514739990234 Y
60877.1156 12.148250579833984 5.771666526794434 u
60877.1321 -245.43284606933594 6.973484992980957 r
60878.0222 113.2690200805664 10.047063827514648 r
60878.0388 134.7108917236328 12.616375923156738 i
60887.9792 72.81901550292969 9.04079532623291 i
60888.0095 87.21002960205078 17.918153762817383 z
60895.1264 56.44907760620117 28.018766403198242 Y
60897.9785 -76.7984619140625 11.068406105041504 r
60898.0632 106.49952697753906 20.46087074279785 z
60898.0795 68.29774475097656 45.36439514160156 Y
60901.9827 143.21754455566406 9.371002197265625 r
60902.0078 135.04258728027344 16.811086654663086 i
60902.9961 63.92784118652344 10.278531074523926 r
60903.0123 29.805490493774414 6.601008892059326 g
61114.4091 119.46153259277344 13.626493453979492 i
61119.3793 113.8019790649414 10.057557106018066 r
61120.3498 44.294368743896484 6.383332252502441 g
61120.3664 104.5860824584961 9.634201049804688 r
61122.3396 143.90135192871094 10.465190887451172 r
61122.3564 158.02310180664062 13.242687225341797 i
61128.3348 -42.608150482177734 16.111957550048828 z
61128.3517 -134.49343872070312 23.383329391479492 Y
61133.3193 6.144222736358643 28.91735076904297 Y
61133.3426 -326.8365478515625 14.793096542358398 z
61133.3659 -149.703125 30.557382583618164 Y
61139.4184 116.95294189453125 16.149221420288086 i
61140.3877 89.37484741210938 16.871723175048828 z
61148.3285 4.419521808624268 6.926725387573242 u
61148.3452 34.623817443847656 6.450545787811279 g
61150.2839 -3.089482307434082 7.219861030578613 u
61150.3062 -155.2540740966797 4.502007484436035 g
61150.3281 -323.71142578125 10.344412803649902 r
61156.2871 137.27679443359375 10.05960464477539 r
61156.3123 153.70016479492188 8.137789726257324 i
61156.3377 109.3482666015625 14.502518653869629 z
61158.2722 79.88411712646484 21.100465774536133 Y
61169.2432 76.20149230957031 10.702061653137207 z
61169.2673 64.46520233154297 6.824968338012695 i
61169.3 99.03059387207031 10.241997718811035 z
61169.3185 77.32365417480469 26.81029510498047 Y
61171.2098 97.37389373779297 7.689091205596924 r
61171.2268 102.4403076171875 9.657179832458496 i
61176.1776 39.47486877441406 10.711169242858887 r
61176.1943 92.18414306640625 14.727493286132812 i
61178.2486 2.686514139175415 7.501700401306152 u
61178.2652 74.4059066772461 6.633315563201904 g
61182.2128 0.4303513169288635 5.458563804626465 u
61182.2296 44.74058532714844 4.756675720214844 g
61195.2661 27.50553321838379 23.491724014282227 Y
61197.2062 84.65454864501953 16.662473678588867 z
61197.2229 97.41598510742188 12.862914085388184 i
61224.1446 131.3814239501953 19.943315505981445 z
61224.161 98.7102279663086 32.45994567871094 Y
61225.111 59.29248046875 24.249296188354492 z
61225.1274 94.96939849853516 18.055063247680664 i
61233.1509 -244.21653747558594 7.182982444763184 r
61233.1671 0.18634869158267975 6.669462203979492 u
61234.0193 111.65174865722656 11.823541641235352 r
61234.0356 133.5693359375 14.205622673034668 i
61237.0138 -12.068116188049316 9.012194633483887 u
61237.0304 -258.5067138671875 10.1600980758667 r
61239.0804 140.39764404296875 10.414687156677246 r
61239.0969 154.394775390625 12.651044845581055 i
61249.0999 89.05762481689453 27.21965980529785 Y
61250.1856 103.45781707763672 43.1239128112793 Y
61251.0223 109.92303466796875 25.43644142150879 z
61251.112 86.52247619628906 22.223957061767578 Y
61252.018 -343.7320861816406 14.948734283447266 i
61252.048 -339.3736877441406 14.606308937072754 z
61252.1244 35.86549758911133 19.192947387695312 Y
61254.9708 153.85629272460938 13.021567344665527 r
61257.9776 130.9805450439453 13.837255477905273 i
61257.985 75.04139709472656 7.3077392578125 g
61258.0091 135.63243103027344 7.532480239868164 r
61258.0329 150.62255859375 12.98176097869873 i
61287.0245 38.801544189453125 6.715915679931641 g
61287.0408 74.07833862304688 10.413207054138184 r
61288.9783 64.21607971191406 6.456110954284668 r
